2 0 clueweb12-1804wb-90-15876___2 3
2 0 clueweb12-0907wb-60-03588___1 2
2 0 clueweb12-0608wb-66-03868___1 1
2 0 clueweb12-0610wb-81-06832___3 0
2 0 clueweb12-0709wb-56-11555___2 0
2 0 clueweb12-0001wb-84-26550___1 2
2 0 clueweb12-0006wb-17-30732___8 0
2 0 clueweb12-0907wb-60-03588___2 3
2 0 clueweb12-1416wb-50-06592___7 1
2 0 clueweb12-0109wb-23-31617___2 0
2 0 clueweb12-0100tw-65-03421___1 0
2 0 clueweb12-0002wb-44-04451___5 0
2 0 clueweb12-1617wb-15-18627___1 1
2 0 clueweb12-0008wb-98-04918___6 0
2 0 clueweb12-0603wb-27-03704___301 0
2 0 clueweb12-1201wb-97-16663___1 1
2 0 clueweb12-0001wb-15-04451___3 1
2 0 clueweb12-0001wb-72-30848___1 0
2 0 clueweb12-0001wb-72-30848___15 1
2 0 clueweb12-0001wb-72-30848___29 3
2 0 clueweb12-0001wb-72-30848___31 3
2 0 clueweb12-1704wb-26-13340___1 0
2 0 clueweb12-0001wb-04-27891___1 0
2 0 clueweb12-1705wb-29-32257___1 0
2 0 clueweb12-1913wb-30-36234___6 3
2 0 clueweb12-0005wb-87-25663___1 0
2 0 clueweb12-0608wb-66-03868___2 
2 0 clueweb12-0306wb-77-05626___9 
2 0 clueweb12-1412wb-03-18627___5 
2 0 clueweb12-0818wb-38-16958___7 
2 0 clueweb12-0717wb-16-16195___5 
2 0 clueweb12-0200wb-97-10905___3 
3 0 clueweb12-0405wb-11-27558___46 0
3 0 clueweb12-0700wb-44-19616___3 0
3 0 clueweb12-0001wb-98-37238___5 2
3 0 clueweb12-1714wb-60-13368___7 0
3 0 clueweb12-0405wb-39-05106___64 0
3 0 clueweb12-0405wb-11-27558___47 1
3 0 clueweb12-1702wb-49-27794___1 0
3 0 clueweb12-1300tw-15-14780___3 0
3 0 clueweb12-1207wb-85-18055___9 0
3 0 clueweb12-1208wb-08-13057___6 0
3 0 clueweb12-1201wb-30-21788___3 1
3 0 clueweb12-1201wb-86-23638___1 2
3 0 clueweb12-1117wb-82-13416___1 1
3 0 clueweb12-0405wb-39-05106___44 2
3 0 clueweb12-1300tw-17-03775___4 0
3 0 clueweb12-1208wb-08-13057___7 0
3 0 clueweb12-1300tw-04-10842___4 0
3 0 clueweb12-0006wb-73-24342___36 2
3 0 clueweb12-0405wb-39-05106___46 1
3 0 clueweb12-0000tw-33-16489___1 0
3 0 clueweb12-0000tw-41-11179___133 0
3 0 clueweb12-0002wb-34-08397___3 2
3 0 clueweb12-1905wb-38-16188___3 0
3 0 clueweb12-0001wb-98-37238___1 0
3 0 clueweb12-0002wb-34-08397___1 0
3 0 clueweb12-0002wb-34-08397___7 2
3 0 clueweb12-0001wb-98-37238___6 0
3 0 clueweb12-0001wb-84-25807___7 0
3 0 clueweb12-0005wb-19-26135___8 1
3 0 clueweb12-0002wb-97-14767___6 0
3 0 clueweb12-0003wb-85-32223___6 
3 0 clueweb12-0002wb-34-08397___6 
3 0 clueweb12-0405wb-39-05106___27 
3 0 clueweb12-0003wb-85-32223___3 
3 0 clueweb12-0005wb-51-26372___6 
3 0 clueweb12-0004wb-91-16461___8 
8 0 clueweb12-0008wb-36-19669___42 1
8 0 clueweb12-1807wb-04-17028___6 0
8 0 clueweb12-1609wb-84-14145___19 0
8 0 clueweb12-0005wb-87-32989___1 0
8 0 clueweb12-0008wb-36-19669___65 1
8 0 clueweb12-0008wb-36-19669___6 2
8 0 clueweb12-0008wb-36-19669___61 3
8 0 clueweb12-0008wb-36-19669___16 2
8 0 clueweb12-0209wb-38-10030___155 0
8 0 clueweb12-0008wb-36-19669___19 0
8 0 clueweb12-1912wb-30-19546___20 0
8 0 clueweb12-0805wb-32-02673___22 0
8 0 clueweb12-0202wb-29-26536___2 0
8 0 clueweb12-0805wb-32-02673___18 0
8 0 clueweb12-0805wb-32-02673___2 0
8 0 clueweb12-0805wb-32-02673___21 0
8 0 clueweb12-1216wb-34-22068___40 0
8 0 clueweb12-0100wb-51-14296___15 0
8 0 clueweb12-0008wb-36-19669___64 2
8 0 clueweb12-0008wb-36-19669___7 3
8 0 clueweb12-0212wb-10-08767___3 0
8 0 clueweb12-1910wb-82-07780___3 0
8 0 clueweb12-0512wb-10-19358___53 0
8 0 clueweb12-0403wb-93-25766___12 0
8 0 clueweb12-0102wb-24-04972___13 0
8 0 clueweb12-0309wb-52-21407___103 
8 0 clueweb12-0600wb-50-16927___4 
8 0 clueweb12-0506wb-37-03433___3 
8 0 clueweb12-0302wb-72-13476___13 
8 0 clueweb12-1115wb-59-28634___2 
8 0 clueweb12-0306wb-84-27007___13 
8 0 clueweb12-0008wb-36-19669___30 
8 0 clueweb12-0700tw-34-11315___8 
8 0 clueweb12-1509wb-06-22784___3 
8 0 clueweb12-1901wb-09-07642___7 
8 0 clueweb12-0006wb-50-06255___28 
8 0 clueweb12-0600wb-50-16927___8 
8 0 clueweb12-0405wb-27-16990___3 
8 0 clueweb12-0607wb-57-04711___50 
8 0 clueweb12-0400wb-22-16393___17 
9 0 clueweb12-0608wb-30-15417___40 0
9 0 clueweb12-0410wb-39-21699___2 0
9 0 clueweb12-1708wb-84-17750___1 2
9 0 clueweb12-1505wb-79-00280___1 3
9 0 clueweb12-0301tw-05-09747___1 1
9 0 clueweb12-0612wb-12-06482___1 1
9 0 clueweb12-0304wb-73-11250___2 1
9 0 clueweb12-0904wb-85-18856___1 1
9 0 clueweb12-0101wb-72-03884___3 3
9 0 clueweb12-1503wb-82-27313___22 2
9 0 clueweb12-1503wb-60-12109___18 2
9 0 clueweb12-0904wb-85-18856___3 0
9 0 clueweb12-1700wb-58-22118___39 1
9 0 clueweb12-1616wb-95-21533___22 0
9 0 clueweb12-1013wb-11-00830___10 2
9 0 clueweb12-1000tw-97-04708___5 2
9 0 clueweb12-0004wb-75-10891___5 0
9 0 clueweb12-0107wb-46-09267___2 0
9 0 clueweb12-0608wb-30-15417___41 0
9 0 clueweb12-0608wb-30-15417___22 2
9 0 clueweb12-0814wb-94-19887___2 0
9 0 clueweb12-0818wb-73-01816___1 2
9 0 clueweb12-0903wb-18-27848___1 0
9 0 clueweb12-0001wb-57-15337___6 0
9 0 clueweb12-0001wb-73-24893___3 0
9 0 clueweb12-0001wb-77-06811___8 0
9 0 clueweb12-0001wb-84-40844___12 1
9 0 clueweb12-0002wb-18-25126___10 3
9 0 clueweb12-0410wb-39-21699___1 0
9 0 clueweb12-1314wb-90-14887___12 0
9 0 clueweb12-1000tw-97-04708___8 2
9 0 clueweb12-0604wb-82-24762___8 
9 0 clueweb12-1503wb-78-08144___36 
9 0 clueweb12-0912wb-54-05184___8 
9 0 clueweb12-1709wb-00-06683___2 
9 0 clueweb12-1503wb-78-08144___28 
9 0 clueweb12-0300tw-10-15417___18 
9 0 clueweb12-0002wb-18-25126___8 
9 0 clueweb12-1602wb-02-13611___4 
12 0 clueweb12-0100wb-19-04638___1 0
12 0 clueweb12-0207wb-87-15125___1 1
12 0 clueweb12-0310wb-56-11713___1 0
12 0 clueweb12-0908wb-68-09752___2 1
12 0 clueweb12-0008wb-62-05967___1 0
12 0 clueweb12-0002wb-18-34442___2 0
12 0 clueweb12-1015wb-15-11506___13 0
12 0 clueweb12-1204wb-20-15853___8 0
12 0 clueweb12-0917wb-35-06147___6 2
12 0 clueweb12-0917wb-35-06147___1 1
12 0 clueweb12-1012wb-17-02455___2 0
12 0 clueweb12-1613wb-42-25576___2 3
12 0 clueweb12-0917wb-35-06147___4 2
12 0 clueweb12-1014wb-28-06187___3 0
12 0 clueweb12-0511wb-05-16853___8 0
12 0 clueweb12-0907wb-14-21862___7 0
12 0 clueweb12-1413wb-05-02449___7 1
12 0 clueweb12-0004wb-78-20304___11 1
12 0 clueweb12-0917wb-35-06147___5 3
12 0 clueweb12-0904wb-28-13447___6 3
12 0 clueweb12-0904wb-28-13447___5 2
12 0 clueweb12-0304wb-69-12614___2 0
12 0 clueweb12-0011wb-84-29178___1 0
12 0 clueweb12-0503wb-53-31848___19 
12 0 clueweb12-1613wb-42-25576___3 
12 0 clueweb12-0008wb-53-02600___6 
14 0 clueweb12-1415wb-76-00822___12 3
14 0 clueweb12-0107wb-99-02440___21 3
14 0 clueweb12-0915wb-08-13780___1 2
14 0 clueweb12-0107wb-99-02440___23 2
14 0 clueweb12-0109wb-43-34651___24 2
14 0 clueweb12-0101wb-06-31103___2 3
14 0 clueweb12-0101wb-72-11580___3 3
14 0 clueweb12-0912wb-80-02138___11 0
14 0 clueweb12-0817wb-73-09932___1 0
14 0 clueweb12-1507wb-95-16712___2 0
14 0 clueweb12-0101wb-06-31103___1 0
14 0 clueweb12-0107wb-81-22509___3 2
14 0 clueweb12-0107wb-99-02440___63 1
14 0 clueweb12-0107wb-81-22509___4 2
14 0 clueweb12-0102wb-32-29551___1 0
14 0 clueweb12-0817wb-73-09932___2 
14 0 clueweb12-0817wb-75-28681___6 
14 0 clueweb12-0109wb-43-34651___28 
14 0 clueweb12-0107wb-81-22509___2 
14 0 clueweb12-1509wb-87-09545___2 
17 0 clueweb12-1103wb-23-13020___6 0
17 0 clueweb12-0110wb-12-26753___2 1
17 0 clueweb12-0800tw-25-14003___4 3
17 0 clueweb12-1103wb-23-13020___5 0
17 0 clueweb12-0110wb-12-26753___3 2
17 0 clueweb12-0110wb-12-26753___4 3
17 0 clueweb12-1207wb-40-22923___6 2
17 0 clueweb12-1707wb-09-14284___1 0
17 0 clueweb12-0110wb-12-26753___5 3
17 0 clueweb12-1103wb-35-09192___1 0
17 0 clueweb12-1103wb-23-13020___3 0
17 0 clueweb12-1706wb-84-05213___4 2
17 0 clueweb12-0603wb-97-12179___3 3
17 0 clueweb12-0203wb-11-12981___22 
17 0 clueweb12-0001wb-89-03408___3 
18 0 clueweb12-0707wb-60-17346___1 0
18 0 clueweb12-0705wb-88-06982___5 0
18 0 clueweb12-0307wb-30-18771___2 0
18 0 clueweb12-0705wb-88-06982___2 0
18 0 clueweb12-0905wb-47-08589___12 3
18 0 clueweb12-0605wb-16-19050___1 2
18 0 clueweb12-1309wb-19-05972___1 3
18 0 clueweb12-0609wb-04-16595___2 3
18 0 clueweb12-0304wb-76-34551___2 0
18 0 clueweb12-0307wb-30-18771___1 0
18 0 clueweb12-0909wb-45-01866___25 0
18 0 clueweb12-0005wb-51-25805___5 0
18 0 clueweb12-0005wb-51-25805___3 0
18 0 clueweb12-0007wb-72-06727___4 3
18 0 clueweb12-0007wb-72-06727___5 3
18 0 clueweb12-0009wb-63-05384___3 1
18 0 clueweb12-0012wb-30-33375___2 0
18 0 clueweb12-0303wb-69-16820___7 0
18 0 clueweb12-0000wb-46-08584___4 0
18 0 clueweb12-0304wb-93-12299___1 0
18 0 clueweb12-0005wb-51-25805___4 0
18 0 clueweb12-0501wb-40-19175___1 1
18 0 clueweb12-0101wb-95-30066___2 0
18 0 clueweb12-0605wb-16-19050___5 0
18 0 clueweb12-0715wb-58-09927___58 
18 0 clueweb12-0012wb-30-33375___5 
18 0 clueweb12-0101wb-27-26138___10 
18 0 clueweb12-0715wb-58-09927___57 
18 0 clueweb12-1310wb-96-20327___3 
18 0 clueweb12-1000tw-84-12592___6 
18 0 clueweb12-0202wb-86-03531___4 
18 0 clueweb12-1708wb-13-09191___5 
19 0 clueweb12-1704wb-02-10856___1 3
19 0 clueweb12-1704wb-02-10858___2 1
19 0 clueweb12-1500tw-29-07408___3 0
19 0 clueweb12-1704wb-02-10858___1 1
19 0 clueweb12-0410wb-92-27216___7 1
19 0 clueweb12-1813wb-48-08129___4 2
19 0 clueweb12-1803wb-69-12812___1 0
19 0 clueweb12-0409wb-38-21901___1 2
19 0 clueweb12-0205wb-68-10770___2 2
19 0 clueweb12-1500tw-57-06552___23 2
19 0 clueweb12-1813wb-48-08129___1 0
19 0 clueweb12-1500tw-57-06552___49 2
19 0 clueweb12-0410wb-92-27217___5 0
19 0 clueweb12-0000wb-95-03857___1 0
19 0 clueweb12-1802wb-65-09047___1 0
19 0 clueweb12-0307wb-48-14868___2 0
19 0 clueweb12-0000wb-06-38742___5 0
19 0 clueweb12-0000wb-95-03857___3 0
19 0 clueweb12-0003wb-30-15333___1 2
19 0 clueweb12-1713wb-29-06525___50 1
19 0 clueweb12-0500tw-33-17144___7 0
19 0 clueweb12-0410wb-92-27218___5 1
19 0 clueweb12-1513wb-97-31537___7 3
19 0 clueweb12-0310wb-80-06214___3 
19 0 clueweb12-0918wb-50-20912___12 
19 0 clueweb12-0009wb-43-25690___7 
19 0 clueweb12-0411wb-91-30116___4 
19 0 clueweb12-0000tw-47-09400___4 
19 0 clueweb12-1513wb-97-31537___8 
19 0 clueweb12-0009wb-43-25690___5 
19 0 clueweb12-1813wb-48-08129___2 
22 0 clueweb12-1715wb-39-29838___1 3
22 0 clueweb12-0201wb-49-16358___4 1
22 0 clueweb12-0406wb-48-23319___4 2
22 0 clueweb12-0302wb-06-22700___3 0
22 0 clueweb12-1306wb-03-10768___1 0
22 0 clueweb12-1009wb-21-14391___6 3
22 0 clueweb12-0606wb-45-16249___1 0
22 0 clueweb12-1800tw-33-09364___10 2
22 0 clueweb12-0304wb-70-29640___3 3
22 0 clueweb12-1308wb-96-22768___3 1
22 0 clueweb12-1800tw-33-09364___3 3
22 0 clueweb12-1308wb-96-22768___4 3
22 0 clueweb12-0103wb-62-04349___7 0
22 0 clueweb12-1301wb-59-03888___1 0
22 0 clueweb12-0004wb-85-12838___5 3
22 0 clueweb12-0009wb-66-09168___1 3
22 0 clueweb12-0009wb-66-09168___3 3
22 0 clueweb12-0009wb-66-09168___5 1
22 0 clueweb12-0011wb-26-07849___37 3
22 0 clueweb12-1412wb-02-24400___2 3
22 0 clueweb12-1301wb-59-03888___4 2
22 0 clueweb12-1000tw-98-11983___1 0
22 0 clueweb12-0904wb-69-20916___3 3
22 0 clueweb12-0301tw-47-01825___11 3
22 0 clueweb12-0303wb-98-23037___5 3
23 0 clueweb12-1214wb-38-17068___1 3
23 0 clueweb12-0307wb-55-17899___3 0
23 0 clueweb12-0306wb-79-24726___2 2
23 0 clueweb12-0815wb-68-01858___2 3
23 0 clueweb12-0815wb-68-01858___3 3
23 0 clueweb12-0311wb-69-04493___1 3
23 0 clueweb12-0710wb-92-11757___8 0
23 0 clueweb12-0307wb-12-09149___1 0
23 0 clueweb12-1600wb-10-02743___1 0
23 0 clueweb12-0701wb-21-13831___2 0
23 0 clueweb12-0307wb-12-09149___9 3
23 0 clueweb12-1601wb-06-13794___1 0
23 0 clueweb12-1807wb-64-19120___8 0
23 0 clueweb12-1514wb-67-07174___2 0
23 0 clueweb12-1210wb-21-22490___1 0
23 0 clueweb12-0210wb-12-05506___1 0
23 0 clueweb12-0611wb-51-14574___1 0
23 0 clueweb12-1905wb-07-00620___3 3
23 0 clueweb12-0405wb-59-34518___5 3
23 0 clueweb12-0503wb-07-18587___1 0
23 0 clueweb12-0801wb-37-05214___1 0
23 0 clueweb12-0101wb-00-12596___1 3
23 0 clueweb12-1508wb-11-08936___1 0
23 0 clueweb12-1709wb-69-33834___4 0
23 0 clueweb12-0013wb-75-13328___4 3
23 0 clueweb12-1410wb-13-26682___3 0
23 0 clueweb12-0815wb-68-01858___5 3
23 0 clueweb12-0012wb-52-14835___3 0
23 0 clueweb12-0405wb-59-34518___6 0
23 0 clueweb12-0305wb-34-21382___3 0
25 0 clueweb12-1803wb-69-04579___4 0
25 0 clueweb12-0501wb-36-36398___2 0
25 0 clueweb12-1801wb-73-08322___4 1
25 0 clueweb12-0109wb-87-26343___2 0
25 0 clueweb12-1608wb-46-26954___1 0
25 0 clueweb12-1707wb-40-13587___1 0
25 0 clueweb12-1803wb-37-03576___5 0
25 0 clueweb12-0105wb-83-31749___6 3
25 0 clueweb12-1809wb-70-26115___2 2
25 0 clueweb12-1913wb-44-15274___8 0
25 0 clueweb12-1613wb-53-29431___3 0
25 0 clueweb12-1211wb-37-05695___10 0
25 0 clueweb12-1807wb-58-21175___5 0
25 0 clueweb12-0606wb-04-07952___1 0
25 0 clueweb12-0005wb-40-31253___6 2
25 0 clueweb12-0007wb-06-31770___2 3
25 0 clueweb12-0208wb-07-18513___4 0
25 0 clueweb12-0605wb-08-34515___3 3
25 0 clueweb12-1402wb-63-23691___3 0
25 0 clueweb12-0404wb-79-11494___2 0
25 0 clueweb12-1416wb-43-28762___3 1
25 0 clueweb12-0606wb-04-07952___2 2
25 0 clueweb12-0709wb-99-03705___5 2
25 0 clueweb12-0908wb-55-21816___6 0
25 0 clueweb12-0404wb-79-11494___3 0
25 0 clueweb12-0106wb-30-02457___6 0
25 0 clueweb12-0105wb-94-03426___2 0
26 0 clueweb12-0501wb-18-03205___8 3
26 0 clueweb12-1100tw-62-15504___1 2
26 0 clueweb12-0707wb-58-09304___7 3
26 0 clueweb12-1100tw-27-15535___25 3
26 0 clueweb12-1308wb-04-14050___5 2
26 0 clueweb12-1011wb-03-16991___5 3
26 0 clueweb12-1100tw-27-15535___19 1
26 0 clueweb12-0705wb-18-05375___1 2
26 0 clueweb12-0605wb-88-14137___7 2
26 0 clueweb12-0700tw-55-13336___1 0
26 0 clueweb12-0700tw-55-13335___1 0
26 0 clueweb12-1910wb-81-06823___11 0
26 0 clueweb12-0608wb-41-25066___2 0
26 0 clueweb12-0106wb-45-22440___1 0
26 0 clueweb12-0200tw-29-08822___13 1
26 0 clueweb12-0102wb-17-24104___16 2
26 0 clueweb12-0102wb-17-24104___20 2
26 0 clueweb12-0102wb-50-20153___12 3
26 0 clueweb12-0104wb-26-15218___12 2
26 0 clueweb12-0104wb-26-15218___17 2
26 0 clueweb12-0303wb-71-26696___2 3
26 0 clueweb12-0002wb-94-32520___5 3
26 0 clueweb12-1812wb-70-22425___4 0
26 0 clueweb12-0207wb-28-32284___9 0
26 0 clueweb12-1807wb-11-18409___12 0
26 0 clueweb12-1308wb-06-00473___2 0
26 0 clueweb12-1308wb-06-00473___5 3
26 0 clueweb12-1910wb-81-06823___2 1
27 0 clueweb12-0500wb-05-32381___3 0
27 0 clueweb12-0208wb-73-03549___4 0
27 0 clueweb12-0507wb-62-19224___50 3
27 0 clueweb12-1712wb-14-23862___4 3
27 0 clueweb12-0304wb-51-11937___1 2
27 0 clueweb12-0910wb-65-20764___7 0
27 0 clueweb12-0501wb-62-14468___1 0
27 0 clueweb12-0208wb-73-03549___1 0
27 0 clueweb12-0304wb-51-11938___1 0
27 0 clueweb12-1802wb-75-03799___13 3
27 0 clueweb12-0717wb-46-11563___8 0
27 0 clueweb12-0500wb-05-32381___2 3
27 0 clueweb12-0913wb-75-09708___14 2
27 0 clueweb12-0911wb-10-02520___2 3
27 0 clueweb12-0303wb-41-22167___1 1
27 0 clueweb12-1214wb-14-30249___13 3
27 0 clueweb12-0815wb-05-09898___18 0
27 0 clueweb12-1403wb-54-05239___3 2
27 0 clueweb12-0202wb-01-26422___8 1
27 0 clueweb12-1913wb-34-03672___3 3
27 0 clueweb12-1302wb-15-01481___4 3
28 0 clueweb12-1500tw-63-00690___4 0
28 0 clueweb12-0612wb-56-04482___6 3
28 0 clueweb12-1800tw-50-01082___2 0
28 0 clueweb12-1401wb-18-06449___2 0
28 0 clueweb12-1019wb-59-02334___17 0
28 0 clueweb12-1100tw-61-03500___1 0
28 0 clueweb12-1016wb-89-21819___1 0
28 0 clueweb12-0809wb-58-02048___66 0
28 0 clueweb12-0507wb-69-00104___5 0
28 0 clueweb12-0308wb-53-04768___4 3
28 0 clueweb12-1311wb-76-21843___1 0
28 0 clueweb12-1314wb-98-13976___3 0
28 0 clueweb12-1101wb-81-01838___12 0
28 0 clueweb12-0100tw-52-05533___3 0
28 0 clueweb12-0800tw-35-07338___7 0
28 0 clueweb12-0500wb-63-09077___4 0
28 0 clueweb12-0800tw-35-07338___11 2
28 0 clueweb12-1020wb-75-10113___4 0
28 0 clueweb12-0800tw-35-07338___13 0
28 0 clueweb12-0308wb-53-04768___6 3
28 0 clueweb12-0612wb-56-04482___5 0
28 0 clueweb12-1616wb-91-11855___5 0
28 0 clueweb12-0700tw-78-18581___5 1
28 0 clueweb12-0101wb-80-13817___2 0
28 0 clueweb12-1616wb-91-11855___2 0
28 0 clueweb12-0807wb-99-19415___2 0
28 0 clueweb12-1011wb-44-01730___4 0
28 0 clueweb12-0103wb-78-30124___3 0
30 0 clueweb12-0202wb-22-24386___13 0
30 0 clueweb12-0202wb-22-24386___17 0
30 0 clueweb12-0202wb-22-24386___8 3
30 0 clueweb12-0202wb-22-24386___5 3
30 0 clueweb12-0202wb-22-24386___7 3
30 0 clueweb12-0202wb-22-24386___15 0
30 0 clueweb12-0202wb-22-24386___4 0
30 0 clueweb12-1200tw-41-16121___3 3
30 0 clueweb12-0202wb-22-24386___9 2
30 0 clueweb12-1810wb-39-31830___3 3
30 0 clueweb12-1808wb-28-21892___11 0
30 0 clueweb12-0304wb-42-05999___1 3
30 0 clueweb12-1106wb-13-24430___1 0
30 0 clueweb12-0007wb-16-11497___2 3
30 0 clueweb12-0203wb-04-18907___1 0
30 0 clueweb12-0915wb-80-22958___1 0
30 0 clueweb12-1106wb-13-24436___3 0
30 0 clueweb12-0702wb-15-15974___1 0
30 0 clueweb12-1909wb-65-18904___4 0
30 0 clueweb12-0504wb-70-26063___3 0
30 0 clueweb12-1200tw-00-16898___2 3
30 0 clueweb12-1814wb-63-07455___12 3
30 0 clueweb12-1810wb-39-31830___1 0
30 0 clueweb12-1709wb-73-14315___2 0
30 0 clueweb12-1811wb-24-03452___2 3
30 0 clueweb12-1909wb-65-18904___1 0
33 0 clueweb12-1215wb-27-02602___1 2
33 0 clueweb12-1215wb-30-08226___1 2
33 0 clueweb12-1900wb-52-21158___4 3
33 0 clueweb12-1020wb-32-27389___1 2
33 0 clueweb12-0403wb-93-25766___2 0
33 0 clueweb12-0212wb-10-08767___2 3
33 0 clueweb12-0300wb-39-12363___108 0
33 0 clueweb12-1803wb-34-07408___4 3
33 0 clueweb12-1804wb-71-23953___1 3
33 0 clueweb12-1313wb-06-19547___15 0
33 0 clueweb12-0105wb-24-06163___4 0
33 0 clueweb12-1803wb-34-07408___2 0
33 0 clueweb12-0814wb-91-24899___1 0
33 0 clueweb12-0201wb-66-20557___5 0
33 0 clueweb12-1506wb-21-24382___1 0
33 0 clueweb12-0212wb-19-10711___2 2
33 0 clueweb12-0600wb-52-25438___3 3
33 0 clueweb12-0206wb-79-15930___2 3
33 0 clueweb12-0005wb-50-29434___1 3
33 0 clueweb12-0005wb-50-29434___2 3
33 0 clueweb12-0005wb-50-29434___3 0
33 0 clueweb12-0005wb-82-37751___11 3
33 0 clueweb12-0005wb-82-37751___20 3
33 0 clueweb12-0301tw-08-00446___4 0
33 0 clueweb12-0008wb-87-22063___2 0
33 0 clueweb12-0506wb-41-21774___5 3
33 0 clueweb12-0815wb-03-02180___3 3
33 0 clueweb12-0815wb-03-02180___2 3
33 0 clueweb12-1803wb-34-07408___5 3
33 0 clueweb12-0005wb-82-37751___2 2
34 0 clueweb12-0004wb-25-35255___1 2
34 0 clueweb12-0309wb-64-08181___1 0
34 0 clueweb12-1506wb-27-20922___1 0
34 0 clueweb12-0010wb-73-33411___1 3
34 0 clueweb12-0300tw-26-21703___29 0
34 0 clueweb12-0310wb-87-04609___1 2
34 0 clueweb12-0007wb-69-30265___1 1
34 0 clueweb12-1708wb-37-05778___2 3
34 0 clueweb12-1513wb-08-11674___1 1
34 0 clueweb12-0306wb-91-11828___1 2
34 0 clueweb12-0304wb-01-24654___5 3
34 0 clueweb12-0007wb-69-30265___3 3
34 0 clueweb12-1313wb-65-05083___3 3
34 0 clueweb12-0705wb-13-04819___3 2
34 0 clueweb12-1313wb-34-20165___4 0
34 0 clueweb12-1203wb-10-08760___2 
34 0 clueweb12-1405wb-73-05803___3 
34 0 clueweb12-0311wb-03-10308___2 
34 0 clueweb12-0303wb-32-03821___35 
34 0 clueweb12-0212wb-11-11752___2 
34 0 clueweb12-1708wb-13-03669___4 
36 0 clueweb12-0711wb-06-03503___1 0
36 0 clueweb12-1803wb-12-16027___1 0
36 0 clueweb12-1203wb-89-12261___2 0
36 0 clueweb12-1316wb-35-20388___3 3
36 0 clueweb12-1312wb-33-27830___2 2
36 0 clueweb12-1313wb-85-06660___1 2
36 0 clueweb12-1313wb-85-06660___2 1
36 0 clueweb12-1313wb-85-06657___2 0
36 0 clueweb12-1908wb-40-11272___58 2
36 0 clueweb12-1805wb-87-09561___2 3
36 0 clueweb12-1000tw-07-01614___6 0
36 0 clueweb12-1615wb-10-16966___8 0
36 0 clueweb12-1106wb-00-07117___9 3
36 0 clueweb12-1905wb-12-10314___1 0
36 0 clueweb12-0008wb-33-08843___1 1
36 0 clueweb12-0006wb-99-09547___10 0
36 0 clueweb12-1409wb-84-27721___7 3
36 0 clueweb12-1607wb-86-13978___47 2
36 0 clueweb12-1615wb-10-16966___9 2
36 0 clueweb12-0808wb-20-10020___3 
36 0 clueweb12-0201wb-12-08984___4 
36 0 clueweb12-0201wb-12-08984___1 
36 0 clueweb12-0808wb-20-09955___3 
36 0 clueweb12-0808wb-91-00840___1 
36 0 clueweb12-0001wb-92-26415___2 
36 0 clueweb12-1203wb-89-12261___3 
36 0 clueweb12-0806wb-20-08585___2 
36 0 clueweb12-1410wb-66-17593___6 
37 0 clueweb12-0505wb-72-28326___6 2
37 0 clueweb12-0403wb-85-02767___49 3
37 0 clueweb12-1206wb-30-17438___2 2
37 0 clueweb12-0107wb-25-16434___3 0
37 0 clueweb12-0603wb-48-12295___2 3
37 0 clueweb12-1400wb-78-13606___38 1
37 0 clueweb12-0714wb-36-03684___31 2
37 0 clueweb12-1206wb-30-17438___3 0
37 0 clueweb12-0008wb-26-20420___93 0
37 0 clueweb12-0608wb-53-05451___3 0
37 0 clueweb12-0610wb-70-08892___3 0
37 0 clueweb12-0818wb-81-12055___19 0
37 0 clueweb12-0302wb-97-05143___47 0
37 0 clueweb12-0505wb-53-02272___8 3
37 0 clueweb12-0507wb-24-20527___25 3
37 0 clueweb12-0505wb-53-02272___9 
37 0 clueweb12-1400wb-78-13606___12 
37 0 clueweb12-0505wb-53-02272___4 
37 0 clueweb12-0400wb-22-16395___15 
37 0 clueweb12-1903wb-64-20622___2 
42 0 clueweb12-0302wb-86-15969___3 0
42 0 clueweb12-0211wb-11-20090___1 0
42 0 clueweb12-0211wb-11-20090___2 0
42 0 clueweb12-0001wb-99-17104___3 2
42 0 clueweb12-0712wb-15-08596___1 0
42 0 clueweb12-1302wb-51-02875___1 0
42 0 clueweb12-0918wb-44-00238___2 1
42 0 clueweb12-0301tw-14-20737___1 0
42 0 clueweb12-1614wb-30-19351___17 0
42 0 clueweb12-0011wb-84-29580___8 3
42 0 clueweb12-1409wb-55-16131___18 0
42 0 clueweb12-0302wb-86-15969___5 0
42 0 clueweb12-0011wb-44-10129___8 0
42 0 clueweb12-0808wb-15-15778___6 1
42 0 clueweb12-0000wb-58-24026___10 1
42 0 clueweb12-1810wb-50-22033___7 0
42 0 clueweb12-0012wb-59-07924___3 3
42 0 clueweb12-0804wb-77-31720___1 0
42 0 clueweb12-1409wb-32-07261___3 1
42 0 clueweb12-0302wb-86-15969___4 0
42 0 clueweb12-0010wb-74-00604___4 0
42 0 clueweb12-0012wb-39-03557___10 0
42 0 clueweb12-0011wb-84-29580___1 0
42 0 clueweb12-0010wb-74-00604___5 0
42 0 clueweb12-0010wb-74-00604___1 0
42 0 clueweb12-0406wb-20-16573___8 0
42 0 clueweb12-0302wb-86-15969___7 
42 0 clueweb12-0211wb-11-20090___4 
42 0 clueweb12-0304wb-00-10072___5 
42 0 clueweb12-1409wb-32-07261___5 
42 0 clueweb12-0804wb-77-31720___3 
42 0 clueweb12-1302wb-51-02875___4 
42 0 clueweb12-0211wb-11-20090___5 
43 0 clueweb12-1717wb-10-26810___1 0
43 0 clueweb12-0101wb-26-25122___122 0
43 0 clueweb12-0209wb-15-17791___1 0
43 0 clueweb12-0104wb-56-33524___3 2
43 0 clueweb12-0813wb-90-23648___1 0
43 0 clueweb12-0007wb-49-21319___26 1
43 0 clueweb12-0310wb-19-24154___26 0
43 0 clueweb12-1206wb-93-26160___11 0
43 0 clueweb12-0007wb-49-21319___5 1
43 0 clueweb12-0811wb-22-20405___2 0
43 0 clueweb12-0007wb-49-21319___61 2
43 0 clueweb12-0309wb-00-05831___87 2
43 0 clueweb12-0500tw-27-01368___5 0
43 0 clueweb12-1910wb-21-20857___2 1
43 0 clueweb12-0309wb-00-05831___91 2
43 0 clueweb12-0812wb-37-02248___1 0
43 0 clueweb12-1607wb-47-19093___1 0
43 0 clueweb12-0010wb-67-19089___98 0
43 0 clueweb12-0202wb-53-23097___10 1
43 0 clueweb12-0404wb-62-00923___13 2
43 0 clueweb12-0302wb-98-01738___7 0
43 0 clueweb12-1506wb-10-16255___1 0
43 0 clueweb12-1016wb-76-09620___22 0
43 0 clueweb12-1813wb-93-06601___9 
43 0 clueweb12-0808wb-51-06260___4 
43 0 clueweb12-1400tw-19-05206___7 
43 0 clueweb12-0310wb-29-14258___30 
43 0 clueweb12-0007wb-49-21319___32 
43 0 clueweb12-0210wb-22-21992___9 
43 0 clueweb12-1011wb-33-24536___2 
43 0 clueweb12-1017wb-15-22061___4 
43 0 clueweb12-1717wb-10-26810___22 
48 0 clueweb12-0201wb-79-20665___6 1
48 0 clueweb12-1811wb-48-18057___1 0
48 0 clueweb12-0006wb-01-11568___1 2
48 0 clueweb12-0900tw-60-14552___1 0
48 0 clueweb12-1803wb-95-20575___6 0
48 0 clueweb12-0201wb-92-09094___1 0
48 0 clueweb12-0715wb-52-16958___1 1
48 0 clueweb12-0202wb-98-08749___1 0
48 0 clueweb12-1200tw-04-06823___1 2
48 0 clueweb12-1200tw-04-06823___2 2
48 0 clueweb12-1807wb-56-12394___1 0
48 0 clueweb12-0204wb-06-23898___4 3
48 0 clueweb12-0601wb-70-05670___2 1
48 0 clueweb12-0914wb-76-18333___1 0
48 0 clueweb12-1118wb-75-00507___23 0
48 0 clueweb12-1305wb-97-15032___16 2
48 0 clueweb12-1716wb-31-14391___1 0
48 0 clueweb12-0200tw-53-00994___34 0
48 0 clueweb12-0200tw-54-12807___22 0
48 0 clueweb12-1305wb-97-15005___3 0
48 0 clueweb12-0111wb-37-00983___17 0
48 0 clueweb12-0900tw-33-02948___4 0
48 0 clueweb12-1500tw-08-07393___3 
48 0 clueweb12-1811wb-24-16675___15 
48 0 clueweb12-1800tw-29-17667___5 
48 0 clueweb12-0811wb-65-25441___3 
48 0 clueweb12-1811wb-48-18057___2 
48 0 clueweb12-1111wb-08-18388___7 
48 0 clueweb12-1900wb-86-02047___6 
48 0 clueweb12-0606wb-13-12641___40 
48 0 clueweb12-1500tw-94-04930___32 
51 0 clueweb12-0905wb-28-28011___3 2
51 0 clueweb12-1706wb-87-31531___5 2
51 0 clueweb12-1800tw-49-08432___3 1
51 0 clueweb12-0509wb-67-20183___15 0
51 0 clueweb12-0300wb-97-15119___8 2
51 0 clueweb12-1411wb-38-16849___7 0
51 0 clueweb12-0510wb-12-03695___10 0
51 0 clueweb12-0904wb-53-21907___7 0
51 0 clueweb12-1002wb-71-23647___6 1
51 0 clueweb12-0807wb-52-16723___4 2
51 0 clueweb12-0009wb-35-26782___7 2
51 0 clueweb12-0907wb-10-03688___20 2
51 0 clueweb12-0204wb-83-17717___13 0
51 0 clueweb12-0410wb-67-18100___3 1
51 0 clueweb12-1800tw-49-08432___12 0
51 0 clueweb12-0200tw-48-13390___72 0
51 0 clueweb12-0412wb-27-20694___4 0
51 0 clueweb12-0601wb-03-18602___5 2
51 0 clueweb12-0003wb-21-31533___4 2
51 0 clueweb12-1107wb-31-26375___10 2
51 0 clueweb12-0710wb-88-14313___3 3
51 0 clueweb12-0200wb-08-27968___7 3
51 0 clueweb12-0104wb-16-01850___7 1
51 0 clueweb12-0502wb-39-19671___4 3
51 0 clueweb12-0311wb-02-29958___3 1
53 0 clueweb12-0009wb-50-22615___1 1
53 0 clueweb12-0009wb-50-22615___2 0
53 0 clueweb12-0008wb-31-12426___6 2
53 0 clueweb12-0008wb-31-12426___5 2
53 0 clueweb12-0008wb-31-12426___8 2
53 0 clueweb12-1513wb-53-23762___2 2
53 0 clueweb12-0504wb-89-09709___1 0
53 0 clueweb12-0008wb-31-12426___4 2
53 0 clueweb12-0002wb-09-12117___8 0
53 0 clueweb12-0006wb-79-22015___6 2
53 0 clueweb12-0008wb-31-12426___7 2
53 0 clueweb12-0008wb-31-12426___1 0
53 0 clueweb12-0002wb-09-12118___3 0
53 0 clueweb12-0006wb-79-22015___10 0
53 0 clueweb12-0002wb-09-12118___7 0
53 0 clueweb12-0009wb-50-22615___3 0
53 0 clueweb12-0002wb-09-12117___9 0
53 0 clueweb12-0008wb-14-13989___5 0
53 0 clueweb12-0001wb-37-11918___6 0
53 0 clueweb12-1310wb-45-30032___2 1
54 0 clueweb12-0901tw-08-02614___2 2
54 0 clueweb12-0901tw-08-02614___10 1
54 0 clueweb12-1312wb-34-14210___5 0
54 0 clueweb12-1301wb-57-12961___4 1
54 0 clueweb12-0011wb-71-12661___6 0
54 0 clueweb12-1115wb-70-07606___11 0
54 0 clueweb12-0504wb-05-16806___6 0
54 0 clueweb12-1508wb-82-12808___5 0
54 0 clueweb12-0004wb-13-18192___3 0
54 0 clueweb12-0011wb-59-07434___1 0
54 0 clueweb12-0004wb-27-32207___17 0
54 0 clueweb12-0503wb-34-09777___3 0
54 0 clueweb12-1910wb-44-14182___3 2
54 0 clueweb12-1911wb-03-19404___5 2
54 0 clueweb12-0504wb-05-16806___2 0
54 0 clueweb12-1306wb-35-21851___7 1
54 0 clueweb12-0100tw-32-11180___86 0
54 0 clueweb12-0817wb-97-06480___12 0
54 0 clueweb12-1000tw-55-06081___3 0
54 0 clueweb12-0903wb-66-03287___105 0
54 0 clueweb12-0111wb-37-33346___5 1
54 0 clueweb12-1800tw-46-20443___10 0
54 0 clueweb12-0503wb-34-09777___7 0
54 0 clueweb12-0906wb-41-07217___3 1
54 0 clueweb12-1002wb-63-07386___2 0
55 0 clueweb12-1807wb-31-08737___1 0
55 0 clueweb12-0109wb-04-13680___7 0
55 0 clueweb12-0105wb-41-28755___6 2
55 0 clueweb12-1500wb-72-30128___4 2
55 0 clueweb12-0105wb-41-28755___4 0
55 0 clueweb12-1205wb-14-15692___15 0
55 0 clueweb12-0602wb-44-21692___1 1
55 0 clueweb12-1016wb-90-04608___1 0
55 0 clueweb12-0701wb-23-07250___1 0
55 0 clueweb12-0603wb-28-00297___25 2
55 0 clueweb12-0603wb-28-00297___26 2
55 0 clueweb12-0603wb-28-00297___28 0
55 0 clueweb12-0703wb-82-09177___5 0
55 0 clueweb12-0703wb-32-03408___5 0
55 0 clueweb12-0701wb-12-02673___1 0
55 0 clueweb12-0013wb-35-06742___1 0
55 0 clueweb12-0603wb-28-00297___1 0
55 0 clueweb12-0603wb-28-00297___14 0
55 0 clueweb12-0603wb-28-00297___75 0
55 0 clueweb12-1501wb-78-28470___2 0
55 0 clueweb12-0603wb-28-00297___24 1
55 0 clueweb12-0305wb-14-16764___2 0
55 0 clueweb12-0603wb-28-00297___4 1
55 0 clueweb12-0603wb-28-00297___7 0
55 0 clueweb12-0105wb-41-28755___11 0
56 0 clueweb12-1200tw-98-04285___2 1
56 0 clueweb12-0915wb-30-25295___5 1
56 0 clueweb12-1905wb-61-05157___1 0
56 0 clueweb12-0010wb-64-15129___1 1
56 0 clueweb12-1909wb-67-22777___2 0
56 0 clueweb12-0405wb-83-19955___1 0
56 0 clueweb12-1200tw-98-04285___3 2
56 0 clueweb12-1811wb-82-25394___5 2
56 0 clueweb12-1506wb-10-16764___10 0
56 0 clueweb12-0111wb-11-23913___1 0
56 0 clueweb12-0110wb-78-28431___1 0
56 0 clueweb12-1811wb-82-07388___5 1
56 0 clueweb12-0915wb-82-09308___1 1
56 0 clueweb12-0915wb-99-24090___1 2
56 0 clueweb12-0915wb-47-21074___1 0
56 0 clueweb12-1205wb-81-06004___1 0
56 0 clueweb12-0915wb-45-05514___3 2
56 0 clueweb12-0915wb-30-25295___3 2
56 0 clueweb12-1812wb-71-04504___5 2
56 0 clueweb12-1901wb-96-01426___10 2
56 0 clueweb12-0915wb-13-08150___1 1
56 0 clueweb12-0915wb-13-08146___1 1
56 0 clueweb12-0915wb-30-25295___1 1
56 0 clueweb12-0916wb-71-20291___1 0
56 0 clueweb12-0916wb-11-06758___1 0
56 0 clueweb12-0916wb-11-06751___1 0
56 0 clueweb12-0013wb-46-19170___1 0
56 0 clueweb12-0917wb-45-21925___4 0
56 0 clueweb12-0915wb-45-05514___2 1
56 0 clueweb12-0915wb-30-25295___2 1
56 0 clueweb12-0915wb-35-29920___4 0
56 0 clueweb12-0603wb-61-03908___2 0
56 0 clueweb12-1904wb-36-09751___2 2
56 0 clueweb12-0916wb-71-20291___2 1
56 0 clueweb12-0915wb-35-29920___2 1
56 0 clueweb12-1019wb-62-23041___2 0
58 0 clueweb12-1406wb-00-03295___6 3
58 0 clueweb12-1406wb-00-03295___2 3
58 0 clueweb12-1406wb-00-03295___5 0
58 0 clueweb12-0712wb-08-06652___2 2
58 0 clueweb12-0503wb-39-11227___5 3
58 0 clueweb12-1607wb-21-04458___1 1
58 0 clueweb12-1704wb-21-00791___1 0
58 0 clueweb12-0503wb-39-11227___4 0
58 0 clueweb12-1607wb-21-04459___8 0
58 0 clueweb12-0002wb-43-31369___5 0
58 0 clueweb12-0503wb-39-11227___7 2
58 0 clueweb12-0503wb-39-11227___3 2
58 0 clueweb12-0002wb-43-31369___4 2
58 0 clueweb12-0503wb-39-11227___1 0
58 0 clueweb12-0503wb-39-11227___6 1
58 0 clueweb12-0803wb-67-14817___5 1
58 0 clueweb12-1406wb-00-03295___3 1
58 0 clueweb12-1401wb-67-08214___30 0
58 0 clueweb12-1911wb-39-17280___23 0
58 0 clueweb12-1911wb-39-17280___25 0
58 0 clueweb12-0703wb-83-04479___7 0
59 0 clueweb12-1501wb-81-07883___3 0
59 0 clueweb12-0501wb-87-23433___5 0
59 0 clueweb12-0501wb-69-14774___2 0
59 0 clueweb12-1814wb-15-14662___21 0
59 0 clueweb12-0210wb-36-24618___9 2
59 0 clueweb12-0501wb-69-14774___3 2
59 0 clueweb12-0404wb-89-14245___8 2
59 0 clueweb12-0501wb-69-14774___1 0
59 0 clueweb12-0807wb-23-30090___19 0
59 0 clueweb12-0108wb-86-21595___15 1
59 0 clueweb12-0108wb-86-21595___16 0
59 0 clueweb12-0109wb-01-08008___4 2
59 0 clueweb12-0006wb-89-26041___3 0
59 0 clueweb12-0104wb-06-10098___1 0
59 0 clueweb12-0210wb-36-24618___8 2
59 0 clueweb12-0501wb-69-14774___4 2
59 0 clueweb12-0404wb-89-14245___1 0
59 0 clueweb12-1008wb-97-13778___7 0
59 0 clueweb12-1814wb-15-14662___23 1
59 0 clueweb12-0501wb-87-23433___4 0
60 0 clueweb12-1610wb-77-13289___1 0
60 0 clueweb12-0817wb-68-23091___2 0
60 0 clueweb12-0108wb-06-14259___12 0
60 0 clueweb12-0404wb-28-08318___5 0
60 0 clueweb12-0212wb-11-04021___9 1
60 0 clueweb12-0404wb-28-08318___4 0
60 0 clueweb12-0817wb-68-23091___1 0
60 0 clueweb12-1204wb-18-15329___1 0
60 0 clueweb12-1304wb-56-01725___1 0
60 0 clueweb12-1210wb-82-15657___1 0
60 0 clueweb12-1416wb-51-13943___1 0
60 0 clueweb12-0918wb-41-02926___167 0
60 0 clueweb12-1710wb-98-03547___1 0
60 0 clueweb12-1009wb-86-09598___1 0
60 0 clueweb12-1708wb-29-14190___34 0
60 0 clueweb12-0212wb-11-04021___10 1
60 0 clueweb12-0006wb-92-09510___12 0
60 0 clueweb12-0106wb-00-31300___1 1
60 0 clueweb12-0108wb-06-14259___27 1
60 0 clueweb12-0105wb-28-24069___5 0
60 0 clueweb12-0212wb-11-04021___6 0
60 0 clueweb12-0106wb-19-06254___13 0
60 0 clueweb12-0212wb-11-04021___7 1
60 0 clueweb12-0104wb-66-17611___1 0
60 0 clueweb12-1710wb-15-01033___3 0
60 0 clueweb12-0900tw-00-11424___6 0
60 0 clueweb12-1708wb-22-07009___47 0
61 0 clueweb12-1400wb-06-30596___3 3
61 0 clueweb12-1709wb-12-07226___7 0
61 0 clueweb12-0904wb-33-14589___7 0
61 0 clueweb12-1411wb-25-14634___8 0
61 0 clueweb12-1014wb-84-07457___12 0
61 0 clueweb12-0605wb-29-30060___2 2
61 0 clueweb12-0605wb-29-30060___13 3
61 0 clueweb12-1400wb-06-30596___4 3
61 0 clueweb12-0605wb-29-30060___11 2
61 0 clueweb12-0605wb-29-30060___10 1
61 0 clueweb12-0106wb-89-31479___4 0
61 0 clueweb12-1410wb-69-01807___2 1
61 0 clueweb12-0503wb-72-06879___11 0
61 0 clueweb12-0605wb-29-30060___3 2
61 0 clueweb12-0605wb-29-30060___9 1
62 0 clueweb12-0301wb-85-09681___2 2
62 0 clueweb12-0700tw-36-09441___8 3
62 0 clueweb12-1911wb-75-26369___14 1
62 0 clueweb12-0202wb-15-07781___1 0
62 0 clueweb12-0103wb-44-16970___12 0
62 0 clueweb12-0103wb-66-01130___3 1
62 0 clueweb12-0300wb-64-04527___3 1
62 0 clueweb12-0410wb-89-33882___9 2
62 0 clueweb12-0007wb-60-31110___12 0
62 0 clueweb12-1101tw-09-01220___20 0
62 0 clueweb12-1209wb-18-04486___1 0
62 0 clueweb12-0200wb-65-14139___2 0
62 0 clueweb12-0500wb-44-17657___85 0
62 0 clueweb12-1410wb-72-15191___1 0
62 0 clueweb12-1514wb-98-04432___100 0
62 0 clueweb12-0302wb-64-19467___4 1
62 0 clueweb12-0402wb-96-22145___6 0
62 0 clueweb12-0302wb-32-19302___2 1
62 0 clueweb12-1701wb-13-08170___15 2
62 0 clueweb12-1012wb-21-22977___2 0
62 0 clueweb12-0511wb-71-24915___2 1
62 0 clueweb12-1608wb-60-12906___2 2
62 0 clueweb12-1911wb-75-26369___15 2
62 0 clueweb12-1016wb-43-04181___91 0
67 0 clueweb12-0311wb-68-12623___3 3
67 0 clueweb12-0110wb-71-12583___1 1
67 0 clueweb12-0607wb-24-32851___4 2
67 0 clueweb12-1908wb-85-05723___3 1
67 0 clueweb12-0311wb-68-12623___6 3
67 0 clueweb12-0814wb-98-18810___7 2
67 0 clueweb12-0311wb-68-12623___1 2
67 0 clueweb12-0607wb-24-32851___3 2
67 0 clueweb12-1203wb-09-22816___11 0
67 0 clueweb12-1706wb-15-22350___14 0
67 0 clueweb12-1812wb-36-00451___10 0
67 0 clueweb12-1300tw-38-21897___1 0
67 0 clueweb12-0209wb-30-03676___5 0
67 0 clueweb12-0607wb-24-32851___6 3
67 0 clueweb12-1201tw-21-11493___1 0
67 0 clueweb12-0001wb-70-14716___5 3
67 0 clueweb12-0203wb-38-21527___2 3
67 0 clueweb12-0203wb-38-21527___3 3
67 0 clueweb12-1400tw-43-14742___1 0
67 0 clueweb12-1501wb-94-27774___2 0
67 0 clueweb12-0001wb-70-14716___7 0
67 0 clueweb12-0711wb-08-14274___6 0
67 0 clueweb12-0105wb-13-19472___2 2
67 0 clueweb12-0712wb-25-09702___2 0
68 0 clueweb12-0404wb-65-19813___3 0
68 0 clueweb12-0610wb-45-29087___3 2
68 0 clueweb12-0309wb-79-06215___1 0
68 0 clueweb12-0305wb-14-18340___3 0
68 0 clueweb12-1609wb-54-00488___1 1
68 0 clueweb12-0305wb-26-27369___3 2
68 0 clueweb12-1715wb-31-05107___1 0
68 0 clueweb12-0212wb-12-32212___119 1
68 0 clueweb12-0607wb-71-28825___1 0
68 0 clueweb12-0100wb-40-03158___53 0
68 0 clueweb12-0809wb-57-19141___2 0
68 0 clueweb12-1102wb-89-16299___2 0
68 0 clueweb12-0311wb-56-22651___4 1
68 0 clueweb12-0001wb-53-31565___2 0
68 0 clueweb12-0811wb-19-11619___20 0
68 0 clueweb12-1500wb-13-19968___27 2
68 0 clueweb12-1806wb-12-09468___5 0
68 0 clueweb12-1806wb-12-09468___2 0
68 0 clueweb12-0919wb-16-18881___1 0
68 0 clueweb12-0212wb-12-32212___329 1
68 0 clueweb12-0610wb-45-29087___5 0
68 0 clueweb12-1012wb-68-04548___5 0
68 0 clueweb12-0300tw-70-05824___1 0
68 0 clueweb12-0809wb-15-08384___2 2
68 0 clueweb12-0305wb-26-27369___8 0
68 0 clueweb12-1700tw-08-14807___23 0
68 0 clueweb12-0207wb-96-15423___4 3
68 0 clueweb12-0207wb-96-15423___7 3
68 0 clueweb12-0207wb-96-15423___3 3
68 0 clueweb12-0207wb-96-15423___8 3
68 0 clueweb12-0916wb-05-00180___1 0
68 0 clueweb12-0207wb-96-15423___6 3
68 0 clueweb12-1508wb-78-22178___2 0
68 0 clueweb12-0919wb-16-18881___3 0
68 0 clueweb12-1516wb-51-04175___4 1
69 0 clueweb12-0912wb-48-25303___1 2
69 0 clueweb12-1006wb-62-21300___4 3
69 0 clueweb12-1006wb-62-21300___2 3
69 0 clueweb12-0405wb-09-17481___28 3
69 0 clueweb12-0811wb-53-00917___50 3
69 0 clueweb12-0602wb-10-10933___1 0
69 0 clueweb12-0609wb-87-25242___1 2
69 0 clueweb12-1406wb-74-24824___7 3
69 0 clueweb12-0508wb-28-11374___2 1
69 0 clueweb12-1410wb-16-07120___1 0
69 0 clueweb12-0100tw-37-00747___5 0
69 0 clueweb12-0604wb-92-26112___5 2
69 0 clueweb12-0804wb-35-17866___2 0
69 0 clueweb12-1006wb-62-21300___3 2
69 0 clueweb12-1614wb-20-13152___9 1
69 0 clueweb12-0310wb-32-19366___29 0
69 0 clueweb12-0304wb-88-28194___9 3
69 0 clueweb12-1709wb-58-02911___2 2
69 0 clueweb12-0109wb-29-27850___5 1
69 0 clueweb12-0205wb-39-08576___7 0
69 0 clueweb12-0400tw-47-13812___2 0
69 0 clueweb12-1100tw-72-02108___24 2
70 0 clueweb12-1411wb-22-12562___3 2
70 0 clueweb12-1212wb-96-27489___3 0
70 0 clueweb12-1300tw-22-17016___29 1
70 0 clueweb12-0305wb-34-21382___4 2
70 0 clueweb12-0108wb-87-30947___327 0
70 0 clueweb12-1311wb-88-29981___14 1
70 0 clueweb12-1200tw-05-07576___2 2
70 0 clueweb12-0300tw-79-02019___8 0
70 0 clueweb12-0111wb-89-21439___71 0
70 0 clueweb12-0700tw-15-10371___6 3
70 0 clueweb12-0510wb-18-26114___53 0
70 0 clueweb12-0300tw-75-13992___6 1
70 0 clueweb12-0107wb-30-24983___2 2
70 0 clueweb12-1200tw-54-03637___6 2
70 0 clueweb12-0100tw-05-17437___31 0
70 0 clueweb12-1700tw-59-08452___12 0
70 0 clueweb12-0700tw-13-05279___30 3
70 0 clueweb12-0705wb-19-26398___7 0
70 0 clueweb12-0800tw-02-20618___31 0
70 0 clueweb12-0303wb-31-24702___14 0
70 0 clueweb12-0503wb-19-09415___10 0
70 0 clueweb12-0001wb-98-31802___26 0
70 0 clueweb12-1013wb-36-18245___4 1
70 0 clueweb12-1412wb-47-22178___26 1
70 0 clueweb12-0700tw-15-10371___26 0
70 0 clueweb12-0901tw-06-08157___29 0
70 0 clueweb12-0901tw-01-00980___31 0
70 0 clueweb12-1400tw-26-11341___13 0
70 0 clueweb12-0100tw-71-17506___9 2
70 0 clueweb12-1100tw-41-10670___9 0
70 0 clueweb12-1900tw-42-07368___7 2
70 0 clueweb12-0100tw-71-17506___7 2
70 0 clueweb12-0711wb-34-29611___16 0
72 0 clueweb12-1111wb-95-21411___8 1
72 0 clueweb12-1112wb-03-03629___1 1
72 0 clueweb12-1112wb-48-04169___12 1
72 0 clueweb12-1112wb-03-03629___4 1
72 0 clueweb12-1112wb-48-04169___10 1
72 0 clueweb12-1715wb-32-12167___1 2
72 0 clueweb12-0204wb-85-01406___1 3
72 0 clueweb12-1111wb-95-21411___9 1
72 0 clueweb12-1112wb-48-04169___11 1
72 0 clueweb12-1314wb-85-07929___3 1
72 0 clueweb12-1314wb-75-14589___21 0
72 0 clueweb12-0001wb-73-06894___1 0
72 0 clueweb12-0110wb-43-26565___1 0
72 0 clueweb12-1112wb-03-03629___2 1
72 0 clueweb12-0501wb-32-02839___1 0
72 0 clueweb12-0502wb-39-16221___2 3
72 0 clueweb12-0501wb-32-02839___2 3
72 0 clueweb12-1008wb-10-02684___1 2
72 0 clueweb12-0111wb-68-31879___4 0
72 0 clueweb12-0207wb-19-17297___209 0
72 0 clueweb12-0203wb-32-33486___3 1
72 0 clueweb12-1613wb-83-03302___87 1
72 0 clueweb12-0409wb-88-18525___4 1
72 0 clueweb12-0204wb-85-01406___2 2
74 0 clueweb12-1901wb-82-20794___1 2
74 0 clueweb12-0100wb-89-21290___1 0
74 0 clueweb12-0408wb-79-20891___1 0
74 0 clueweb12-1411wb-71-06613___1 0
74 0 clueweb12-0512wb-43-19585___5 3
74 0 clueweb12-1800wb-05-10928___2 0
74 0 clueweb12-1800wb-05-10928___3 3
74 0 clueweb12-1310wb-26-27148___1 0
74 0 clueweb12-1800wb-05-10928___1 1
74 0 clueweb12-0100wb-64-31491___1 0
74 0 clueweb12-0200tw-06-19354___2 2
74 0 clueweb12-1107wb-96-20365___2 2
74 0 clueweb12-0203wb-33-05618___11 0
74 0 clueweb12-1807wb-46-03837___1 0
74 0 clueweb12-1118wb-18-29709___4 2
74 0 clueweb12-0013wb-86-28849___1 0
74 0 clueweb12-0111wb-61-20738___2 0
74 0 clueweb12-0408wb-31-28602___1 0
74 0 clueweb12-0900wb-77-07140___4 0
74 0 clueweb12-1402wb-14-12405___19 0
74 0 clueweb12-1402wb-01-16389___17 0
74 0 clueweb12-0202wb-18-09368___4 0
74 0 clueweb12-0604wb-93-23513___1 2
74 0 clueweb12-0703wb-43-27144___67 0
74 0 clueweb12-0502wb-31-25713___2 0
74 0 clueweb12-0200tw-06-19354___3 1
76 0 clueweb12-0207wb-32-16066___9 3
76 0 clueweb12-0207wb-32-16066___8 3
76 0 clueweb12-0207wb-32-16066___6 3
76 0 clueweb12-0710wb-86-01636___6 0
76 0 clueweb12-0300tw-60-19715___8 3
76 0 clueweb12-1214wb-88-28403___3 0
76 0 clueweb12-0509wb-36-09206___5 1
76 0 clueweb12-1414wb-55-21391___2 0
76 0 clueweb12-0700tw-44-06282___3 1
76 0 clueweb12-0509wb-36-09206___9 3
76 0 clueweb12-0302wb-62-20321___3 2
76 0 clueweb12-0700tw-02-21964___3 2
76 0 clueweb12-1012wb-69-02875___3 2
76 0 clueweb12-1615wb-12-13986___1 0
76 0 clueweb12-1615wb-12-13986___2 3
76 0 clueweb12-0300tw-60-19715___9 3
76 0 clueweb12-0509wb-36-09206___6 2
76 0 clueweb12-1312wb-33-01218___5 1
76 0 clueweb12-0200wb-62-11480___14 2
76 0 clueweb12-1601wb-29-10376___5 1
76 0 clueweb12-0300tw-60-19715___4 0
76 0 clueweb12-0207wb-32-16066___4 0
76 0 clueweb12-0300tw-60-19715___6 0
76 0 clueweb12-1012wb-69-02875___5 0
76 0 clueweb12-0813wb-54-25051___7 0
76 0 clueweb12-0406wb-90-23823___24 3
76 0 clueweb12-0111wb-51-10969___34 2
76 0 clueweb12-0300tw-60-19715___5 1
76 0 clueweb12-0300tw-60-19715___7 1
77 0 clueweb12-0711wb-79-16804___4 0
77 0 clueweb12-0711wb-79-16804___2 0
77 0 clueweb12-0711wb-79-16805___4 0
77 0 clueweb12-0818wb-38-05885___1 0
77 0 clueweb12-1910wb-81-15486___1 0
77 0 clueweb12-1103wb-61-24639___1 0
77 0 clueweb12-1908wb-53-08817___6 0
77 0 clueweb12-1316wb-26-02729___2 0
77 0 clueweb12-0013wb-51-15931___15 0
77 0 clueweb12-0804wb-41-20931___1 0
77 0 clueweb12-0309wb-83-09798___1 0
77 0 clueweb12-1206wb-73-09791___3 0
77 0 clueweb12-0303wb-83-14497___3 0
77 0 clueweb12-0713wb-75-10619___56 0
77 0 clueweb12-1806wb-72-17668___5 2
77 0 clueweb12-0906wb-04-28201___2 0
77 0 clueweb12-1806wb-72-17668___6 0
77 0 clueweb12-1806wb-72-17668___7 0
77 0 clueweb12-1908wb-53-08817___7 3
77 0 clueweb12-1300tw-28-01661___22 1
77 0 clueweb12-1610wb-69-25421___3 3
77 0 clueweb12-0002wb-60-16458___78 0
77 0 clueweb12-0403wb-78-14389___122 0
77 0 clueweb12-1714wb-53-09585___3 0
77 0 clueweb12-1300tw-26-00175___22 1
77 0 clueweb12-1404wb-90-20870___4 0
77 0 clueweb12-1900tw-44-16619___4 0
77 0 clueweb12-1103wb-99-01854___19 0
77 0 clueweb12-1200wb-01-08505___21 1
77 0 clueweb12-1100tw-94-15167___4 0
77 0 clueweb12-0111wb-85-23344___5 0
77 0 clueweb12-0716wb-58-05055___86 0
77 0 clueweb12-0307wb-01-02076___6 0
77 0 clueweb12-0605wb-10-31035___127 0
77 0 clueweb12-0607wb-38-15308___122 0
77 0 clueweb12-1500tw-74-18703___2 0
78 0 clueweb12-1600wb-30-12308___4 2
78 0 clueweb12-1516wb-79-16924___29 3
78 0 clueweb12-1516wb-79-16924___26 3
78 0 clueweb12-1600wb-30-12308___5 1
78 0 clueweb12-0211wb-92-26593___2 3
78 0 clueweb12-1808wb-76-25775___9 1
78 0 clueweb12-1613wb-61-18874___4 0
78 0 clueweb12-1000tw-58-10604___8 0
78 0 clueweb12-1814wb-64-01719___2 3
78 0 clueweb12-0105wb-90-05242___75 0
78 0 clueweb12-0412wb-21-21949___10 0
78 0 clueweb12-0005wb-53-22584___5 0
78 0 clueweb12-1600wb-30-12308___6 2
78 0 clueweb12-1000tw-58-10604___1 0
78 0 clueweb12-1900wb-96-06809___17 1
78 0 clueweb12-1516wb-79-16924___27 2
78 0 clueweb12-1115wb-71-14318___3 0
78 0 clueweb12-0007wb-33-10664___3 2
78 0 clueweb12-1516wb-79-16924___28 2
78 0 clueweb12-0711wb-80-08718___7 0
78 0 clueweb12-0700tw-34-11315___6 2
78 0 clueweb12-1808wb-61-16441___2 1
84 0 clueweb12-0806wb-34-14779___2 3
84 0 clueweb12-0704wb-76-17020___3 3
84 0 clueweb12-0704wb-76-17020___7 2
84 0 clueweb12-0110wb-94-19731___2 3
84 0 clueweb12-0914wb-13-09928___1 2
84 0 clueweb12-0000wb-27-14046___7 0
84 0 clueweb12-0806wb-80-07399___13 3
84 0 clueweb12-0704wb-76-17020___5 2
84 0 clueweb12-1905wb-35-10838___1 1
84 0 clueweb12-0000wb-89-25536___8 2
84 0 clueweb12-0110wb-94-19731___4 2
84 0 clueweb12-0110wb-94-19731___8 0
84 0 clueweb12-0111wb-05-13153___5 2
84 0 clueweb12-0002wb-02-02026___4 1
84 0 clueweb12-0200wb-02-18797___5 2
84 0 clueweb12-0000wb-89-25536___9 3
84 0 clueweb12-1500tw-70-09422___1 0
84 0 clueweb12-0806wb-80-07399___14 2
84 0 clueweb12-0100wb-11-12232___3 2
86 0 clueweb12-1300tw-90-07525___5 0
86 0 clueweb12-0604wb-78-25622___35 0
86 0 clueweb12-0200wb-56-26442___1 0
86 0 clueweb12-1810wb-59-18130___2 0
86 0 clueweb12-1811wb-50-15874___2 0
86 0 clueweb12-1008wb-52-33033___238 1
86 0 clueweb12-1911wb-72-03495___1 3
86 0 clueweb12-0916wb-03-08183___21 0
86 0 clueweb12-0301tw-07-20416___15 0
86 0 clueweb12-1911wb-72-03495___9 2
86 0 clueweb12-1400tw-19-06767___10 0
86 0 clueweb12-0610wb-97-24353___2 0
86 0 clueweb12-1607wb-77-19609___1 2
86 0 clueweb12-0009wb-05-17979___5 0
86 0 clueweb12-0000wb-58-02621___36 0
86 0 clueweb12-0000wb-58-02621___54 0
86 0 clueweb12-0008wb-85-29076___50 0
86 0 clueweb12-0301tw-44-16971___4 0
86 0 clueweb12-0610wb-97-24353___3 0
86 0 clueweb12-0100wb-62-17688___12 0
86 0 clueweb12-1904wb-76-19435___105 0
86 0 clueweb12-1400tw-21-17055___1 0
86 0 clueweb12-1911wb-72-03495___2 1
86 0 clueweb12-1908wb-01-11875___50 0
86 0 clueweb12-1109wb-05-11823___2 0
86 0 clueweb12-0212wb-31-30833___1 0
86 0 clueweb12-0818wb-39-17317___2 0
86 0 clueweb12-1911wb-72-03495___4 
86 0 clueweb12-1400tw-34-20467___11 
86 0 clueweb12-1911wb-72-03495___7 
86 0 clueweb12-1008wb-65-31824___127 
86 0 clueweb12-1911wb-72-03495___3 
86 0 clueweb12-1809wb-75-20180___2 
86 0 clueweb12-1004wb-08-03159___4 
86 0 clueweb12-0201wb-19-27823___2 
86 0 clueweb12-0805wb-33-22430___66 
86 0 clueweb12-0506wb-91-09998___7 
86 0 clueweb12-0310wb-34-27358___45 
88 0 clueweb12-1807wb-44-19228___1 0
88 0 clueweb12-0601wb-11-12759___2 0
88 0 clueweb12-1217wb-49-08152___6 0
88 0 clueweb12-0603wb-37-08332___2 1
88 0 clueweb12-0612wb-05-01925___4 0
88 0 clueweb12-0603wb-42-18883___7 2
88 0 clueweb12-1807wb-44-19228___3 0
88 0 clueweb12-1807wb-44-19228___12 0
88 0 clueweb12-1015wb-90-19930___1 0
88 0 clueweb12-0815wb-92-20680___2 1
88 0 clueweb12-0403wb-39-16787___21 2
88 0 clueweb12-1216wb-41-13386___4 0
88 0 clueweb12-1216wb-41-13386___5 0
88 0 clueweb12-1217wb-49-08152___4 0
88 0 clueweb12-0005wb-27-20678___1 2
88 0 clueweb12-0006wb-32-28516___1 2
88 0 clueweb12-0008wb-69-06458___18 2
88 0 clueweb12-1415wb-91-24276___3 2
88 0 clueweb12-0403wb-39-16787___22 0
88 0 clueweb12-0303wb-97-29852___1 0
88 0 clueweb12-0211wb-29-17751___3 0
88 0 clueweb12-1315wb-09-04520___3 
88 0 clueweb12-0610wb-52-01507___2 
88 0 clueweb12-0005wb-27-20678___2 
88 0 clueweb12-1106wb-22-14460___2 
91 0 clueweb12-0802wb-88-18253___2 2
91 0 clueweb12-1300tw-86-08173___10 2
91 0 clueweb12-1407wb-08-22082___4 2
91 0 clueweb12-0911wb-85-19588___26 2
91 0 clueweb12-0700wb-90-19409___10 2
91 0 clueweb12-1006wb-58-12637___45 0
91 0 clueweb12-1806wb-03-12769___29 2
91 0 clueweb12-1012wb-84-24472___88 2
91 0 clueweb12-1212wb-03-22544___5 1
91 0 clueweb12-0000wb-85-01381___5 1
91 0 clueweb12-0408wb-33-05626___2 1
91 0 clueweb12-0011wb-60-27834___28 0
91 0 clueweb12-1302wb-54-12683___53 0
91 0 clueweb12-1407wb-08-22082___6 3
91 0 clueweb12-1407wb-08-22082___5 2
91 0 clueweb12-1407wb-08-22082___7 2
92 0 clueweb12-0208wb-84-33678___4 2
92 0 clueweb12-0005wb-87-33100___3 2
92 0 clueweb12-1201tw-11-11627___60 0
92 0 clueweb12-1607wb-77-14132___1 0
92 0 clueweb12-0701wb-33-00039___3 2
92 0 clueweb12-0401wb-99-10491___1 2
92 0 clueweb12-1211wb-91-22238___1 0
92 0 clueweb12-1101wb-89-10867___2 2
92 0 clueweb12-1106wb-72-11962___10 1
92 0 clueweb12-0401wb-99-10491___3 2
92 0 clueweb12-0401wb-99-10491___2 1
92 0 clueweb12-0007wb-52-02445___52 0
92 0 clueweb12-0305wb-36-15348___16 0
92 0 clueweb12-0005wb-87-33100___5 0
92 0 clueweb12-1716wb-00-13468___6 
92 0 clueweb12-0702wb-95-08709___68 
92 0 clueweb12-0309wb-04-09497___4 
92 0 clueweb12-0012wb-69-23611___19 
92 0 clueweb12-0101wb-93-16746___1 
93 0 clueweb12-1706wb-83-02878___6 3
93 0 clueweb12-1706wb-83-02878___2 0
93 0 clueweb12-0603wb-87-27187___2 3
93 0 clueweb12-1413wb-92-12701___4 1
93 0 clueweb12-0203wb-47-24772___1 3
93 0 clueweb12-1800wb-25-06229___2 0
93 0 clueweb12-0302wb-97-24374___10 0
93 0 clueweb12-0403wb-50-28897___7 0
93 0 clueweb12-0403wb-50-28897___5 0
93 0 clueweb12-0606wb-13-25897___1 0
93 0 clueweb12-0608wb-39-11262___4 2
93 0 clueweb12-0207wb-66-26146___1 0
93 0 clueweb12-0108wb-79-12877___2 0
93 0 clueweb12-1711wb-43-10660___2 1
93 0 clueweb12-1812wb-57-13919___6 2
93 0 clueweb12-0713wb-73-15330___27 0
93 0 clueweb12-0605wb-99-13127___5 1
93 0 clueweb12-1305wb-58-12569___9 2
93 0 clueweb12-0818wb-39-18922___220 
95 0 clueweb12-1700tw-36-07362___4 1
95 0 clueweb12-1804wb-41-29532___2 0
95 0 clueweb12-0504wb-79-30956___1 0
95 0 clueweb12-0600wb-80-09825___10 2
95 0 clueweb12-0111wb-59-09895___2 0
95 0 clueweb12-0902wb-51-01399___10 3
95 0 clueweb12-0002wb-75-07785___18 1
95 0 clueweb12-1100wb-57-24483___6 0
95 0 clueweb12-1200tw-02-00854___1 1
95 0 clueweb12-1804wb-41-29532___3 0
95 0 clueweb12-1813wb-12-15437___5 2
95 0 clueweb12-0900wb-33-11655___55 2
95 0 clueweb12-0308wb-00-08883___23 1
95 0 clueweb12-0508wb-75-09549___1 0
95 0 clueweb12-0211wb-06-26447___5 0
95 0 clueweb12-1503wb-31-14136___3 0
95 0 clueweb12-0902wb-51-01399___8 3
95 0 clueweb12-0303wb-70-31261___1 0
95 0 clueweb12-1006wb-12-02416___4 2
95 0 clueweb12-0110wb-64-30645___4 1
95 0 clueweb12-0406wb-68-04551___2 3
95 0 clueweb12-0505wb-19-19959___1 2
95 0 clueweb12-0100wb-74-16059___2 0
95 0 clueweb12-0902wb-51-01399___9 3
95 0 clueweb12-1406wb-51-27142___3 
95 0 clueweb12-0902wb-51-01399___11 
100 0 clueweb12-1100tw-49-05402___1 2
100 0 clueweb12-0817wb-92-22311___17 0
100 0 clueweb12-1408wb-14-08336___4 0
100 0 clueweb12-1509wb-05-28610___23 2
100 0 clueweb12-0005wb-77-30550___1 0
100 0 clueweb12-1509wb-05-28610___21 0
100 0 clueweb12-1509wb-05-28610___15 0
100 0 clueweb12-1509wb-05-28610___16 0
100 0 clueweb12-0300tw-66-03421___3 2
100 0 clueweb12-0800wb-21-10162___2 0
100 0 clueweb12-1100tw-49-05402___6 0
100 0 clueweb12-1509wb-05-28610___19 0
100 0 clueweb12-0716wb-14-05007___26 0
100 0 clueweb12-0008wb-36-19669___30 0
100 0 clueweb12-0000tw-01-02230___1 0
100 0 clueweb12-1405wb-73-12958___2 1
100 0 clueweb12-0900tw-50-10644___1 0
100 0 clueweb12-0000wb-41-29385___1 0
100 0 clueweb12-1910wb-82-07780___3 0
100 0 clueweb12-1910wb-76-20811___1 0
100 0 clueweb12-0900tw-50-10645___32 0
100 0 clueweb12-1509wb-05-28610___12 1
100 0 clueweb12-1213wb-15-28891___15 3
100 0 clueweb12-1509wb-48-12742___6 0
100 0 clueweb12-1812wb-50-24680___33 2
100 0 clueweb12-0900tw-50-10648___1 0
100 0 clueweb12-1300tw-54-18997___1 0
100 0 clueweb12-0303wb-26-33364___5 
100 0 clueweb12-0815wb-93-26467___1 
100 0 clueweb12-0602wb-19-09895___18 
100 0 clueweb12-0209wb-35-13237___28 
100 0 clueweb12-0916wb-66-15188___2 
100 0 clueweb12-0913wb-89-09014___20 
